81573.1943683
83661.2692547
84418.6354445
84050.7353838
83067.1836326
83310.7142698
82429.8029078
84109.8128975
83881.4125989
84437.1144481
84428.1289202
83238.0789367
82258.556133
84264.953403
82361.1237786
83049.269429
82950.6888476
84343.0286521
83372.054668
82917.8186443
84225.6718543
83297.9404949
82271.9698348
83493.07747
84321.5018209
84263.3121729
83086.0330587
84774.788074
81797.8610564
84659.9061279
83597.5096543
82939.5344034
83747.5249479
82527.8262269
84044.7202601
83046.9683721
82930.2754899
84116.2192055
84177.9575284
83379.8435376
83357.2730787
82989.6465961
82812.9974219
81452.3319495
84115.9586133
84165.0760608
82644.830359
84408.6368202
83518.6927893
82839.8639167
83466.5975626
84175.197701
81942.3564321
81810.5636188
81488.581186
82956.293887
83438.3478495
83630.9016954
81373.5599297
84208.6053678
82487.8246719
82995.0659131
84074.906407
84786.7596136
82910.4652494
84178.2454257
84052.9802337
83150.4480274
81792.6491845
83786.221387
82833.9036292
83804.733018
83987.9338675
82352.8627721
84130.9183598
81958.5997073
84591.8046032
85134.9358434
84797.0055617
83214.1491309
84511.4328133
84624.330685
84686.912107
83198.1454186
84346.8928127
83172.8933785
82773.1440449
82876.8867907
83566.6675094
85322.5643913
82375.9736501
83760.5084675
82043.6980986
82164.9257351
82208.9514278
83301.9153443
84429.444184
83654.5043604
83012.5107808
82970.6438561
84430.2680355
85007.3551162
82350.0685451
83978.5445007
84861.4526891
83709.120393
83335.210827
84097.1923597
81902.8527731
83621.6108627
83435.7751606
84592.4658751
84172.4097813
82876.0719796
83454.2858258
83442.213759
84172.349462
85223.7313185
85537.1968421
83541.57803
82452.7448914
81616.2778704
85302.3966619
83354.212008
83352.9863426
80816.5273845
84544.3244685
83082.9480402
82991.0826458
83094.8239236
84389.6481718
81927.3458001
84381.5772148
82755.5022757
82855.9971152
82608.8018105
82750.7347739
84430.5436653
84257.2271505
82433.7961089
82726.4932842
82901.2915533
84021.6735739
83607.4722424
83133.5655576
82328.0353698
82705.0778691
84714.367616
83955.3904577
83494.5541671
83896.0815455
84268.5074863
83632.454839
83144.3184967
84122.3558865
82986.4112355
81529.9256527
83564.8350737
83263.1598674
81353.0356732
82573.7414436
84331.8470531
83710.3960421
83426.0795374
81904.0307458
80795.6540737
83582.6296568
84247.3134179
82277.5437014
83351.9562875
84014.7870864
83356.3487304
84063.5796012
82367.4111686
83496.0356624
83506.0973659
81375.1776508
83583.1360714
83687.4154068
84097.1000051
82495.2100399
84689.1924554
83947.4575326
81830.6289525
83691.251809
84008.0633274
82701.1568176
83515.8338418
81708.5853207
83201.1267228
84348.0249163
83105.3197472
83309.9510806
82429.2129062
83520.265129
81463.5109668
84182.6738325
84146.6199247
83950.8689682
82834.1300624
