4.8026676269e-09
5.25324040186e-09
5.16921165218e-09
5.19529122852e-09
5.94940116166e-09
5.32794744385e-09
5.47113052807e-09
5.98923120545e-09
4.65887744149e-09
6.06562771327e-09
6.03696013957e-09
5.77392758471e-09
5.20681689058e-09
5.98784687633e-09
4.87615830419e-09
5.84930037279e-09
5.77236332427e-09
5.44210754757e-09
5.32726946648e-09
5.23949319719e-09
5.78715021572e-09
5.21039576229e-09
5.93168034668e-09
5.29647441661e-09
5.34867219182e-09
6.3592599632e-09
6.62165793234e-09
4.46423300191e-09
5.89767044226e-09
5.71233052187e-09
6.06475946653e-09
5.66943827555e-09
4.92966216527e-09
5.76071981269e-09
4.74438038275e-09
5.0098304716e-09
6.17959494018e-09
5.28625464416e-09
6.06401659045e-09
4.7521183649e-09
5.13668545371e-09
4.98826232823e-09
5.41547513987e-09
5.14301966635e-09
5.2675415156e-09
5.91494082978e-09
6.39837488752e-09
5.43812135695e-09
6.27319531837e-09
5.51359643645e-09
4.89769625895e-09
5.47770148553e-09
4.89082704504e-09
5.53557324075e-09
6.26358001865e-09
5.94863429967e-09
5.17426410714e-09
7.20763560398e-09
6.14343664726e-09
4.7474324211e-09
5.58996742919e-09
6.15996059436e-09
5.56227840294e-09
5.3700645983e-09
3.96924292254e-09
5.26615148774e-09
5.71088441112e-09
5.334971775e-09
5.90699655528e-09
5.38602162195e-09
5.77688693199e-09
5.73920760733e-09
5.50283474577e-09
6.02019377409e-09
5.76074572325e-09
5.70214108707e-09
5.32466259762e-09
5.01339312351e-09
4.81162091497e-09
5.02671503891e-09
5.69702774307e-09
5.53455129282e-09
5.09598110756e-09
5.82440309427e-09
5.7828203453e-09
5.23723640646e-09
5.07161659735e-09
5.023711316e-09
5.08878099592e-09
6.33967057637e-09
4.97313167535e-09
5.7057473691e-09
5.06966806879e-09
5.89329130236e-09
4.73676450734e-09
4.89278933023e-09
5.02972075036e-09
5.31264350202e-09
4.73125847076e-09
5.47748007028e-09
5.95787618015e-09
5.67523585477e-09
4.96479187436e-09
5.24792410133e-09
4.96387903122e-09
6.05037558051e-09
5.36385855867e-09
5.33932718134e-09
5.12702472075e-09
5.46798287468e-09
4.83260325161e-09
6.00714918695e-09
5.84592168061e-09
5.63591590015e-09
5.48825691121e-09
5.24782662402e-09
5.49953052028e-09
5.53930808306e-09
4.60021449151e-09
5.74196369984e-09
5.65964301472e-09
5.71311432158e-09
5.41858682615e-09
5.97897175942e-09
5.93123898253e-09
5.02631535167e-09
4.79431845279e-09
6.18692160704e-09
5.34910628091e-09
5.28278431848e-09
5.05499816544e-09
6.27011355718e-09
4.89521077133e-09
5.28501471438e-09
6.21927839958e-09
5.15381356724e-09
5.43742181492e-09
5.25639229647e-09
6.16979283949e-09
6.84530083491e-09
5.28866592534e-09
4.59178330597e-09
4.79949165395e-09
5.35608449257e-09
5.41557058085e-09
5.5730848531e-09
5.09421142e-09
5.29676978121e-09
4.86357758346e-09
6.70704538221e-09
5.55922681984e-09
5.4762934333e-09
5.17974625397e-09
6.16680555017e-09
6.7995408719e-09
5.58463184697e-09
4.56198012754e-09
5.0330961288e-09
5.23411216726e-09
4.97035769197e-09
6.02975183448e-09
5.25249821663e-09
6.39193412033e-09
5.86395826375e-09
5.92299548156e-09
5.28359161033e-09
6.00535975101e-09
5.42259830543e-09
4.96435314369e-09
5.55716968906e-09
5.8104287763e-09
4.96658695424e-09
5.10076503639e-09
4.98670534736e-09
6.39410926501e-09
4.83973833968e-09
4.55609910903e-09
5.85752343763e-09
5.62022037854e-09
6.02215024415e-09
5.45004246401e-09
5.59569137842e-09
5.4696401905e-09
5.11369940899e-09
5.43336235805e-09
5.70768938379e-09
4.35013456302e-09
5.144204067e-09
5.35395224896e-09
5.38240414945e-09
5.59825969183e-09
5.75949991912e-09
6.05002047309e-09
5.94160084035e-09
5.96016071083e-09
5.38406159041e-09
6.11823410971e-09
5.83182983028e-09
6.10670136149e-09
5.00766578544e-09
